08030530
08031005
08031020
08041788
08041790
08041940
08041945
08041970
08042455
08042468
08042470
08042515
08042539
08064990
08065080
08065310
08065340
08065420
08065700
08065820
08065925
08066087
08066138
08066380
08067280
08067505
08067520
08067653
08068020
08068025
08070220
08070550
08070900
08076990
08077110
08077640
08077670
08077888
08078400
08078890
08078910
08078935
08097000
08098295
08100950
08102730
08108705
08108710
08109310
08110520
08111006
08111051
08111056
08111070
08111080
08111085
08111090
08111110
08117375
08117403
08117857
08117858
08162580
08163720
08163880
08163900
08164150
08164200
08164410
08167000
08169778
08173210
08174545
08180990
08189298
08189320
08189520
08189585
08189590